20
-7,5 2,3 -9,1 0,0 6,8 -3,2 1,7 -8,9 5,5 -10,0 -2,5 7,2 0,3 -4,5 8,1 -6,8 3,4 -1,2 9,6 -5,7
3,2 -8,7 6,0 -1,9 4,8 -10,0 2,1 7,3 -5,6 0,4 -7,5 2,3 -9,1 0,0 6,8 -3,2 1,7 -8,9 5,5 -10,0
-2,5 7,2 0,3 -4,5 8,1 -6,8 3,4 -1,2 9,6 -5,7 3,2 -8,7 6,0 -1,9 4,8 -10,0 2,1 7,3 -5,6 0,4
-7,5 2,3 -9,1 0,0 6,8 -3,2 1,7 -8,9 5,5 -10,0 -2,5 7,2 0,3 -4,5 8,1 -6,8 3,4 -1,2 9,6 -5,7
3,2 -8,7 6,0 -1,9 4,8 -10,0 2,1 7,3 -5,6 0,4 -7,5 2,3 -9,1 0,0 6,8 -3,2 1,7 -8,9 5,5 -10,0
-2,5 7,2 0,3 -4,5 8,1 -6,8 3,4 -1,2 9,6 -5,7 3,2 -8,7 6,0 -1,9 4,8 -10,0 2,1 7,3 -5,6 0,4
-7,5 2,3 -9,1 0,0 6,8 -3,2 1,7 -8,9 5,5 -10,0 -2,5 7,2 0,3 -4,5 8,1 -6,8 3,4 -1,2 9,6 -5,7
3,2 -8,7 6,0 -1,9 4,8 -10,0 2,1 7,3 -5,6 0,4 -7,5 2,3 -9,1 0,0 6,8 -3,2 1,7 -8,9 5,5 -10,0
-2,5 7,2 0,3 -4,5 8,1 -6,8 3,4 -1,2 9,6 -5,7 3,2 -8,7 6,0 -1,9 4,8 -10,0 2,1 7,3 -5,6 0,4
-2,5 7,2 0,3 -4,5 8,1 -6,8 3,4 -1,2 9,6 -5,7 3,2 -8,7 6,0 -1,9 4,8 -10,0 2,1 7,3 -5,6 0,4
-7,5 2,3 -9,1 0,0 6,8 -3,2 1,7 -8,9 5,5 -10,0 -2,5 7,2 0,3 -4,5 8,1 -6,8 3,4 -1,2 9,6 -5,7
3,2 -8,7 6,0 -1,9 4,8 -10,0 2,1 7,3 -5,6 0,4 -7,5 2,3 -9,1 0,0 6,8 -3,2 1,7 -8,9 5,5 -10,0
-2,5 7,2 0,3 -4,5 8,1 -6,8 3,4 -1,2 9,6 -5,7 3,2 -8,7 6,0 -1,9 4,8 -10,0 2,1 7,3 -5,6 0,4
-7,5 2,3 -9,1 0,0 6,8 -3,2 1,7 -8,9 5,5 -10,0 -2,5 7,2 0,3 -4,5 8,1 -6,8 3,4 -1,2 9,6 -5,7
3,2 -8,7 6,0 -1,9 4,8 -10,0 2,1 7,3 -5,6 0,4 -7,5 2,3 -9,1 0,0 6,8 -3,2 1,7 -8,9 5,5 -10,0
-2,5 7,2 0,3 -4,5 8,1 -6,8 3,4 -1,2 9,6 -5,7 3,2 -8,7 6,0 -1,9 4,8 -10,0 2,1 7,3 -5,6 0,4
-7,5 2,3 -9,1 0,0 6,8 -3,2 1,7 -8,9 5,5 -10,0 -2,5 7,2 0,3 -4,5 8,1 -6,8 3,4 -1,2 9,6 -5,7
3,2 -8,7 6,0 -1,9 4,8 -10,0 2,1 7,3 -5,6 0,4 -7,5 2,3 -9,1 0,0 6,8 -3,2 1,7 -8,9 5,5 -10,0
-2,5 7,2 0,3 -4,5 8,1 -6,8 3,4 -1,2 9,6 -5,7 3,2 -8,7 6,0 -1,9 4,8 -10,0 2,1 7,3 -5,6 0,4
-2,5 7,2 0,3 -4,5 8,1 -6,8 3,4 -1,2 9,6 -5,7 3,2 -8,7 6,0 -1,9 4,8 -10,0 2,1 7,3 -5,6 0,4